,Category,Number of posts,Impressions,Engagements,Engagement Rate,Average Engagement,Average Impression
0,sandshrew,3,9392.0,893.0,0.1,297.67,3130.67
1,blastoisemega blastoise,10,22244.0,2127.0,0.1,212.7,2224.4
2,golem,40,140756.0,11247.0,0.08,281.18,3518.9
3,nidoran♀,8,62705.0,4873.0,0.08,609.12,7838.12
4,beedrclefable,4,11104.0,758.0,0.07,189.5,2776.0
5,victreebel,9,41744.0,2734.0,0.07,303.78,4638.22
6,bellsprout,104,332674.0,18867.0,0.06,181.41,3198.79
7,venonat,20,53075.0,3169.0,0.06,158.45,2653.75
8,nidorino,6,10648.0,605.0,0.06,100.83,1774.67
9,value 7 corgi,8,31679.0,1808.0,0.06,226.0,3959.88
10,machoke,10,37034.0,2150.0,0.06,215.0,3703.4
11,german shebellsprouterd,285,925569.0,53884.0,0.06,189.07,3247.61
12,raichu,18,79020.0,4768.0,0.06,264.89,4390.0
13,golbat,43,118729.0,7176.0,0.06,166.88,2761.14
14,vileplume,7,24640.0,1587.0,0.06,226.71,3520.0
15,nidoking,5,29851.0,1690.0,0.06,338.0,5970.2
16,rattata,18,61443.0,3175.0,0.05,176.39,3413.5
17,primeape,9,13099.0,597.0,0.05,66.33,1455.44
18,nidoqueen,7,17634.0,905.0,0.05,129.29,2519.14
19,poliwag,13,38808.0,1992.0,0.05,153.23,2985.23
20,value 6,70,240629.0,11550.0,0.05,165.0,3437.56
21,arcanine,99,274897.0,13524.0,0.05,136.61,2776.74
22,ekans,4,14836.0,735.0,0.05,183.75,3709.0
23,nidoran♂,47,141909.0,6638.0,0.05,141.23,3019.34
24,metapodmencement,6,19522.0,1006.0,0.05,167.67,3253.67
25,ninetales,57,205595.0,9789.0,0.05,171.74,3606.93
26,husky,120,399233.0,21505.0,0.05,179.21,3326.94
27,value 5,62,167674.0,7737.0,0.05,124.79,2704.42
28,pikachu,5,15296.0,718.0,0.05,143.6,3059.2
29,fearow,109,372313.0,19792.0,0.05,181.58,3415.72
30,parasect,31,82973.0,4321.0,0.05,139.39,2676.55
31,clefable,111,321424.0,14100.0,0.04,127.03,2895.71
32,graveler,1,1300.0,51.0,0.04,51.0,1300.0
33,psyduck,23,68164.0,2738.0,0.04,119.04,2963.65
34,tentacruel,88,243734.0,9422.0,0.04,107.07,2769.7
35,charmeleon,3,8842.0,319.0,0.04,106.33,2947.33
36,alakazam,71,191852.0,7150.0,0.04,100.7,2702.14
37,blastoise,7,16088.0,598.0,0.04,85.43,2298.29
38,abra,25,74156.0,2770.0,0.04,110.8,2966.24
39,mankey,289,693909.0,25795.0,0.04,89.26,2401.07
40,pidgeotto,21,65259.0,2574.0,0.04,122.57,3107.57
41,butterfree,24,57220.0,2042.0,0.04,85.08,2384.17
42,corgi,95,204093.0,7659.0,0.04,80.62,2148.35
43,ponyta,116,332098.0,13456.0,0.04,116.0,2862.91
44,golduck,27,82365.0,3328.0,0.04,123.26,3050.56
45,charizardmega charizard y,15,45443.0,1688.0,0.04,112.53,3029.53
46,clefairy,36,105816.0,4385.0,0.04,121.81,2939.33
47,diglett,3,10747.0,401.0,0.04,133.67,3582.33
48,squirtle,4,11200.0,395.0,0.04,98.75,2800.0
49,kakuna,69,176740.0,6802.0,0.04,98.58,2561.45
50,weedle,48,106300.0,4547.0,0.04,94.73,2214.58
51,value 4,379,1071432.0,42079.0,0.04,111.03,2827.0
52,beedrill,30,77430.0,2902.0,0.04,96.73,2581.0
53,wartortle,175,503750.0,20123.0,0.04,114.99,2878.57
54,persian,9,29533.0,1114.0,0.04,123.78,3281.44
55,poliwhirl,60,133812.0,3798.0,0.03,63.3,2230.2
56,core value 1,144,311899.0,10194.0,0.03,70.79,2165.97
57,vulpix,4,33082.0,1140.0,0.03,285.0,8270.5
58,venomoth,85,218259.0,6421.0,0.03,75.54,2567.75
59,sandslash,117,294106.0,8786.0,0.03,75.09,2513.73
60,venusaur,6,16582.0,538.0,0.03,89.67,2763.67
61,growlithe,20,33294.0,870.0,0.03,43.5,1664.7
62,meowth,67,167840.0,4837.0,0.03,72.19,2505.07
63,ivysaur,21,59499.0,1689.0,0.03,80.43,2833.29
64,core value 3,172,430546.0,12797.0,0.03,74.4,2503.17
65,pidgeotmega pidgeot,123,282221.0,7652.0,0.03,62.21,2294.48
66,venusaurmega venusaur,14,32559.0,911.0,0.03,65.07,2325.64
67,oddish,193,477095.0,16191.0,0.03,83.89,2471.99
68,weepinbell,18,49743.0,1281.0,0.03,71.17,2763.5
69,cleponytable,29,77912.0,2176.0,0.03,75.03,2686.62
70,charmander,41,103898.0,3142.0,0.03,76.63,2534.1
71,machamp,25,65867.0,2049.0,0.03,81.96,2634.68
72,charizardmega charizard x,47,120023.0,4033.0,0.03,85.81,2553.68
73,pidgeot,19,48260.0,1445.0,0.03,76.05,2540.0
74,core value 2,97,213664.0,4656.0,0.02,48.0,2202.72
75,alakazammega alakazam,6,11905.0,252.0,0.02,42.0,1984.17
76,value 7,21,50324.0,1004.0,0.02,47.81,2396.38
77,metapod,31,73307.0,1598.0,0.02,51.55,2364.74
78,machop,14,25318.0,594.0,0.02,42.43,1808.43
79,dugtrio,5,8762.0,188.0,0.02,37.6,1752.4
80,nidorina,3,10353.0,225.0,0.02,75.0,3451.0
81,spikachuing start,4,6111.0,111.0,0.02,27.75,1527.75
82,geodude,117,276646.0,4553.0,0.02,38.91,2364.5
83,charizard,2,3042.0,29.0,0.01,14.5,1521.0
84,gloom,1,2569.0,14.0,0.01,14.0,2569.0
85,pidgey,1,1063.0,12.0,0.01,12.0,1063.0
86,poliwrath,18,32390.0,310.0,0.01,17.22,1799.44
87,spearow,3,5482.0,76.0,0.01,25.33,1827.33
88,paras,11,17638.0,187.0,0.01,17.0,1603.45
89,pikachue college,2,3657.0,30.0,0.01,15.0,1828.5
90,zubat,1,981.0,12.0,0.01,12.0,981.0
91,arbok,2,4170.0,33.0,0.01,16.5,2085.0
92,tentacool,4,6630.0,64.0,0.01,16.0,1657.5
93,raticate,6,12466.0,110.0,0.01,18.33,2077.67
94,caterpie,2,3331.0,11.0,0.0,5.5,1665.5
