,Category,Number of posts,Impressions,Engagements,Engagement Rate,Average Engagement,Average Impression
0,giveaway,3,9392.0,893.0,0.1,297.67,3130.67
1,international,10,22244.0,2127.0,0.1,212.7,2224.4
2,blm,8,62705.0,4873.0,0.08,609.12,7838.12
3,holiday,40,140756.0,11247.0,0.08,281.18,3518.9
4,artuathome,9,41744.0,2734.0,0.07,303.78,4638.22
5,ph,104,332674.0,18867.0,0.06,181.41,3198.79
6,fall start,20,53075.0,3169.0,0.06,158.45,2653.75
7,juxtapoz,7,24640.0,1587.0,0.06,226.71,3520.0
8,student artwork,25,101758.0,6170.0,0.06,246.8,4070.32
9,www,43,118729.0,7176.0,0.06,166.88,2761.14
10,art bundle,6,10648.0,605.0,0.06,100.83,1774.67
11,sf events,8,31679.0,1808.0,0.06,226.0,3959.88
12,ugc,18,79020.0,4768.0,0.06,264.89,4390.0
13,foundations,10,37034.0,2150.0,0.06,215.0,3703.4
14,student work,261,829594.0,48191.0,0.06,184.64,3178.52
15,graduation,5,29851.0,1690.0,0.06,338.0,5970.2
16,academy cares,70,240629.0,11550.0,0.05,165.0,3437.56
17,commencement,6,19522.0,1006.0,0.05,167.67,3253.67
18,art edu,13,38808.0,1992.0,0.05,153.23,2985.23
19,wednesdaywisdom,57,205595.0,9789.0,0.05,171.74,3606.93
20,pride,18,61443.0,3175.0,0.05,176.39,3413.5
21,study abroad,4,14836.0,735.0,0.05,183.75,3709.0
22,online,31,82973.0,4321.0,0.05,139.39,2676.55
23,website,99,274897.0,13524.0,0.05,136.61,2776.74
24,spring show,109,372313.0,19792.0,0.05,181.58,3415.72
25,engagement,120,399233.0,21505.0,0.05,179.21,3326.94
26,pr,5,15296.0,718.0,0.05,143.6,3059.2
27,awards & honors,62,167674.0,7737.0,0.05,124.79,2704.42
28,student life,47,141909.0,6638.0,0.05,141.23,3019.34
29,department spotlight,7,17634.0,905.0,0.05,129.29,2519.14
30,military,9,13099.0,597.0,0.05,66.33,1455.44
31,iad,23,68164.0,2738.0,0.04,119.04,2963.65
32,tours,3,10747.0,401.0,0.04,133.67,3582.33
33,fa,116,332098.0,13456.0,0.04,116.0,2862.91
34,contest,36,105816.0,4385.0,0.04,121.81,2939.33
35,adv,25,74156.0,2770.0,0.04,110.8,2966.24
36,awards,4,11200.0,395.0,0.04,98.75,2800.0
37,webinar,7,16088.0,598.0,0.04,85.43,2298.29
38,fsh,175,503750.0,20123.0,0.04,114.99,2878.57
39,jem,27,82365.0,3328.0,0.04,123.26,3050.56
40,success,379,1071432.0,42079.0,0.04,111.03,2827.0
41,mus,24,57220.0,2042.0,0.04,85.08,2384.17
42,vis,34,88534.0,3660.0,0.04,107.65,2603.94
43,act,15,45443.0,1688.0,0.04,112.53,3029.53
44,summer start,21,65259.0,2574.0,0.04,122.57,3107.57
45,online education,48,106300.0,4547.0,0.04,94.73,2214.58
46,blog,289,693909.0,25795.0,0.04,89.26,2401.07
47,events,95,204093.0,7659.0,0.04,80.62,2148.35
48,artu,88,243734.0,9422.0,0.04,107.07,2769.7
49,artumask,3,8842.0,319.0,0.04,106.33,2947.33
50,tbt,1,1300.0,51.0,0.04,51.0,1300.0
51,blockbuster,9,29533.0,1114.0,0.04,123.78,3281.44
52,gam,71,191852.0,7150.0,0.04,100.7,2702.14
53,anm,69,176740.0,6802.0,0.04,98.58,2561.45
54,ill,140,399336.0,16276.0,0.04,116.26,2852.4
55,arch,19,48260.0,1445.0,0.03,76.05,2540.0
56,entertainment arts,20,33294.0,870.0,0.03,43.5,1664.7
57,art history,14,32559.0,911.0,0.03,65.07,2325.64
58,gd,41,103898.0,3142.0,0.03,76.63,2534.1
59,lan,47,120023.0,4033.0,0.03,85.81,2553.68
60,athletics,85,218259.0,6421.0,0.03,75.54,2567.75
61,creative mind,67,167840.0,4837.0,0.03,72.19,2505.07
62,financial aid,6,16582.0,538.0,0.03,89.67,2763.67
63,california by design,21,59499.0,1689.0,0.03,80.43,2833.29
64,artu news,18,49743.0,1281.0,0.03,71.17,2763.5
65,mptv,60,133812.0,3798.0,0.03,63.3,2230.2
66,industry spotlight,193,477095.0,16191.0,0.03,83.89,2471.99
67,curriculum,144,311899.0,10194.0,0.03,70.79,2165.97
68,wnm,25,65867.0,2049.0,0.03,81.96,2634.68
69,ids,117,294106.0,8786.0,0.03,75.09,2513.73
70,workshop,123,282221.0,7652.0,0.03,62.21,2294.48
71,esports,4,33082.0,1140.0,0.03,285.0,8270.5
72,faculty,172,430546.0,12797.0,0.03,74.4,2503.17
73,tiktok,6,11905.0,252.0,0.02,42.0,1984.17
74,spring start,4,6111.0,111.0,0.02,27.75,1527.75
75,study tips,14,25318.0,594.0,0.02,42.43,1808.43
76,video,117,276646.0,4553.0,0.02,38.91,2364.5
77,wri,5,8762.0,188.0,0.02,37.6,1752.4
78,com,31,73307.0,1598.0,0.02,51.55,2364.74
79,rank,3,10353.0,225.0,0.02,75.0,3451.0
80,partnership,97,213664.0,4656.0,0.02,48.0,2202.72
81,sf,21,50324.0,1004.0,0.02,47.81,2396.38
82,open house,1,2569.0,14.0,0.01,14.0,2569.0
83,career,3,5482.0,76.0,0.01,25.33,1827.33
84,weekend read,11,17638.0,187.0,0.01,17.0,1603.45
85,social media management,6,12466.0,110.0,0.01,18.33,2077.67
86,adhoc,1,981.0,12.0,0.01,12.0,981.0
87,fashion show,1,1063.0,12.0,0.01,12.0,1063.0
88,arc,4,6630.0,64.0,0.01,16.0,1657.5
89,pcae,2,4170.0,33.0,0.01,16.5,2085.0
90,pre college,2,3657.0,30.0,0.01,15.0,1828.5
91,women's day,18,32390.0,310.0,0.01,17.22,1799.44
92,industry news,2,3042.0,29.0,0.01,14.5,1521.0
93,earth day,2,3331.0,11.0,0.0,5.5,1665.5
